<?xml version="1.0"?>
<opencv_storage>
<intrinsic type_id="opencv-matrix">
  <rows>3</rows>
  <cols>3</cols>
  <dt>d</dt>
  <data>
    1.4465423702245539e+03 0. 9.2269518606103225e+02 0.
    1.4457185668700645e+03 5.5840713196650381e+02 0. 0. 1.</data></intrinsic>
<distortion type_id="opencv-matrix">
  <rows>5</rows>
  <cols>1</cols>
  <dt>d</dt>
  <data>
    5.1471935420300957e-02 -2.2544837075044644e-01
    6.7275178611123229e-05 2.1811699958238184e-04 2.0976842496896972e-01</data></distortion>
<resolution>
  1920 1080</resolution>
<file_count>110</file_count>
<rms>6.1062946833633069e-01</rms>
<total_average_error>6.1062949087398111e-01</total_average_error>
</opencv_storage>
