<?xml version="1.0"?>
<opencv_storage>
<relationship type_id="opencv-matrix">
  <rows>4</rows>
  <cols>4</cols>
  <dt>f</dt>
  <data>
    9.87110674e-01 1.55897006e-01 -3.61742079e-02 -5.13127213e+01
    3.05333771e-02 3.84278595e-02 9.98794854e-01 -6.09055359e+02
    1.57099187e-01 -9.87025559e-01 3.31724584e-02 4.34462524e+02 0. 0.
    0. 1.</data></relationship>
</opencv_storage>
